LoL_Audio/UnitVO/iBlitzBlitzcrank/Death3D/cast,Play_sfx_iblitz_Death3D_cast

